array([[ 94,  34,  24,  24],
       [ 96,  34,  24,  24],
       [ 96,  36,  24,  24],
       [ 38,  48,  24,  24],
       [ 66,  52,  24,  24],
       [ 64,  54,  24,  24],
       [ 66,  54,  24,  24],
       [118,  60,  24,  24],
       [ 94,  78,  24,  24],
       [ 26,  80,  24,  24],
       [ 28,  80,  24,  24],
       [ 26,  82,  24,  24],
       [ 94,  31,  29,  29],
       [ 94,  34,  29,  29],
       [ 62,  50,  29,  29],
       [ 24,  79,  29,  29],
       [ 12, 100,  50,  50]], dtype=int32)
